36 1
0 0 -3548 0 0 0 3334 -3512 0 0 0 4494 0 -3666 -1693 0 0 0 -2130 -4155 -4629 2162 3838 -4466 -1601 0 54 4321 0 0 0 -3132 1306 3725 4381 -96 
0 0 3681 0 870 0 -3000 758 -959 0 0 0 0 2791 -2661 4580 0 0 0 0 0 1534 -4010 -4752 3530 -2305 -2586 0 3159 0 0 4776 -2082 1339 0 2097 
-3548 3681 0 -752 338 0 1199 -567 0 -2786 108 -3570 -504 -1203 0 0 4192 -723 -3943 321 -781 4401 0 -4276 0 0 -4036 2911 -407 0 -1336 1845 0 -1515 -3183 2814 
0 0 -752 0 -2194 0 0 0 1281 0 -3162 1741 0 0 3663 0 0 4682 0 -2465 0 0 0 -3321 0 -357 0 -4126 2220 -485 0 0 0 -2705 0 1646 
0 870 338 -2194 0 -2863 -4848 -2118 3355 0 -3699 -4439 0 4047 906 -3903 0 0 0 2635 1200 0 0 -3488 -1081 0 2230 0 -3744 3851 3631 0 0 -4335 -1026 -2236 
0 0 0 0 -2863 0 2955 -1464 -3468 -230 2431 0 0 -1274 1990 -860 4636 -3594 2415 -117 -1642 3959 -2954 -54 0 129 -1103 0 0 -1712 -3067 -4354 -665 1803 0 0 
3334 -3000 1199 0 -4848 2955 0 -2525 0 -4207 999 4672 0 2675 -4271 2022 -1675 377 -3085 -4946 0 1391 0 0 517 3113 0 0 -4525 0 0 0 2759 -3336 4358 0 
-3512 758 -567 0 -2118 -1464 -2525 0 -1561 -1965 0 3029 -4200 2346 4277 0 -388 -1728 -837 0 0 -1169 4750 2114 0 875 -1484 3487 0 0 1411 3940 -214 972 0 0 
0 -959 0 1281 3355 -3468 0 -1561 0 0 -2353 -4656 493 4456 0 925 0 -2677 0 3896 -976 0 0 0 -2069 -1845 2367 0 0 -4119 2295 0 -3848 0 2833 1763 
0 0 -2786 0 0 -230 -4207 -1965 0 0 4548 83 0 -3406 1161 2381 0 -2168 0 -2810 1944 -2438 -2335 0 0 -39 -4240 -4479 0 3223 0 3917 0 0 0 1799 
0 0 108 -3162 -3699 2431 999 0 -2353 4548 0 -3427 1246 3401 -4057 -1131 0 4090 -303 3397 -2567 0 3441 0 -647 2594 0 2879 -2417 813 2322 1047 0 -3107 0 644 
4494 0 -3570 1741 -4439 0 4672 3029 -4656 83 -3427 0 1874 0 169 0 35 -915 2482 0 0 0 0 1261 2529 -3378 1488 -3767 -3974 0 -3242 1572 0 -4678 835 0 
0 0 -504 0 0 0 0 -4200 493 0 1246 1874 0 4068 -1013 1432 -469 3507 0 0 -4789 705 0 0 -347 3706 4749 0 4711 -4958 0 24 -23 2610 0 -269 
-3666 2791 -1203 0 4047 -1274 2675 2346 4456 -3406 3401 0 4068 0 1471 0 0 0 0 0 2457 -2040 0 0 -2007 2749 747 0 1906 -2650 3779 -3221 257 -1287 -3721 3251 
-1693 -2661 0 3663 906 1990 -4271 4277 0 1161 -4057 169 -1013 1471 0 0 2520 -3816 -1990 0 0 185 -2497 0 2268 0 -944 0 0 0 2928 0 -2550 3074 -1942 -2612 
0 4580 0 0 -3903 -860 2022 0 925 2381 -1131 0 1432 0 0 0 -4722 0 -4099 2985 0 -3628 4259 -3017 0 2666 0 0 1119 -614 0 0 3610 0 -1591 2870 
0 0 4192 0 0 4636 -1675 -388 0 0 0 35 -469 0 2520 -4722 0 0 0 0 0 -695 367 0 3294 -1913 0 0 3596 2195 4241 3993 -2901 0 2723 0 
0 0 -723 4682 0 -3594 377 -1728 -2677 -2168 4090 -915 3507 0 -3816 0 0 0 -1303 0 -4732 0 -3871 -527 -3978 0 3240 -2300 1971 0 -4320 559 -1782 4207 1650 1099 
-2130 0 -3943 0 0 2415 -3085 -837 0 0 -303 2482 0 0 -1990 -4099 0 -1303 0 4571 -134 2146 -3276 2055 3771 0 0 -1406 0 0 0 594 -3780 0 0 4343 
-4155 0 321 -2465 2635 -117 -4946 0 3896 -2810 3397 0 0 0 0 2985 0 0 4571 0 0 3572 0 3140 -2849 0 -4805 206 -4976 0 -1066 -4613 0 1360 -3602 -2217 
-4629 0 -781 0 1200 -1642 0 0 -976 1944 -2567 0 -4789 2457 0 0 0 -4732 -134 0 0 -4909 -4526 0 4519 0 4168 -3352 -4893 -1191 4013 3003 0 0 -3272 -599 
2162 1534 4401 0 0 3959 1391 -1169 0 -2438 0 0 705 -2040 185 -3628 -695 0 2146 3572 -4909 0 1698 3184 -282 4138 423 1612 -444 0 1896 0 0 3455 -735 1507 
3838 -4010 0 0 0 -2954 0 4750 0 -2335 3441 0 0 0 -2497 4259 367 -3871 -3276 0 -4526 1698 0 534 -190 275 0 4617 -4596 0 -4555 614 0 0 0 0 
-4466 -4752 -4276 -3321 -3488 -54 0 2114 0 0 0 1261 0 0 0 -3017 0 -527 2055 3140 0 3184 534 0 0 -2738 469 0 2036 -1539 -153 -4393 662 0 1023 0 
-1601 3530 0 0 -1081 0 517 0 -2069 0 -647 2529 -347 -2007 2268 0 3294 -3978 3771 -2849 4519 -282 -190 0 0 0 0 -3040 0 -1818 -1362 791 2554 0 1716 1599 
0 -2305 0 -357 0 129 3113 875 -1845 -39 2594 -3378 3706 2749 0 2666 -1913 0 0 0 0 4138 275 -2738 0 0 0 -1232 -4412 -813 0 -4856 0 0 691 -1398 
54 -2586 -4036 0 2230 -1103 0 -1484 2367 -4240 0 1488 4749 747 -944 0 0 3240 0 -4805 4168 423 0 469 0 0 0 0 3097 -1447 0 -3878 3811 0 4100 1066 
4321 0 2911 -4126 0 0 0 3487 0 -4479 2879 -3767 0 0 0 0 0 -2300 -1406 206 -3352 1612 4617 0 -3040 -1232 0 0 0 1140 -1859 0 -1890 0 0 -2896 
0 3159 -407 2220 -3744 0 -4525 0 0 0 -2417 -3974 4711 1906 0 1119 3596 1971 0 -4976 -4893 -444 -4596 2036 0 -4412 3097 0 0 248 0 0 0 -1763 0 -2757 
0 0 0 -485 3851 -1712 0 0 -4119 3223 813 0 -4958 -2650 0 -614 2195 0 0 0 -1191 0 0 -1539 -1818 -813 -1447 1140 248 0 3303 0 0 0 440 0 
0 0 -1336 0 3631 -3067 0 1411 2295 0 2322 -3242 0 3779 2928 0 4241 -4320 0 -1066 4013 1896 -4555 -153 -1362 0 0 -1859 0 3303 0 0 -2926 4436 0 0 
-3132 4776 1845 0 0 -4354 0 3940 0 3917 1047 1572 24 -3221 0 0 3993 559 594 -4613 3003 0 614 -4393 791 -4856 -3878 0 0 0 0 0 0 0 0 0 
1306 -2082 0 0 0 -665 2759 -214 -3848 0 0 0 -23 257 -2550 3610 -2901 -1782 -3780 0 0 0 0 662 2554 0 3811 -1890 0 0 -2926 0 0 -2271 0 -886 
3725 1339 -1515 -2705 -4335 1803 -3336 972 0 0 -3107 -4678 2610 -1287 3074 0 0 4207 0 1360 0 3455 0 0 0 0 0 0 -1763 0 4436 0 -2271 0 -2386 0 
4381 0 -3183 0 -1026 0 4358 0 2833 0 0 835 0 -3721 -1942 -1591 2723 1650 0 -3602 -3272 -735 0 1023 1716 691 4100 0 0 440 0 0 0 -2386 0 0 
-96 2097 2814 1646 -2236 0 0 0 1763 1799 644 0 -269 3251 -2612 2870 0 1099 4343 -2217 -599 1507 0 0 1599 -1398 1066 -2896 -2757 0 0 0 -886 0 0 0 

**************************************************************************************************************************************************************
Пояснения к содержимому входного файла.
1-я строка содержит порядок графа n и указывает на вариант: 1 - алгоритм Краскала, 2 - алгоритм Прима. 
Во вотром варианте, дополнительно, в первой строке через пробел будет указан номер стартовой вершины построения остова (нумерация с 1). 
Далее построчно приводится матрица весов графа, разделитель - пробел, в которой 0 означает отсутствие ребра.
**************************************************************************************************************************************************************
Пояснения к содержимому выходного файла.
Имя файла - такое же, меняете только расширение in на out. 
В первой строке выводим общий вес полученного остова. 
Далее построчно выводим матрицу весов остова, разделитель - запятая с пробелом. 
В последней строке перечисляем в формате (a, b), (c, d) ... рёбра, добавленные в остов по ходу работы алгоритма. 
При выводе ребра (a, b) число a должно быть меньше b, нумерацию сохранить с 1.
Смотрите также сгенерированные примеры для обоих вариантов. 
**************************************************************************************************************************************************************
